8.282186688679847864e-01
-1.599219571940812656e+00
1.265148222506184306e+00
1.385848425000560269e+00
7.881701917399762669e-01
1.799984607409689241e+00
1.980494359571081109e+00
-1.002873095860970620e+00
-4.765961173416116914e+00
7.600434983594984706e-01
-1.944566079160300609e-01
2.564507179859282004e+00
1.681266567986876792e+00
-1.494728643270333945e+00
2.749689133675891628e-01
2.694308329658305468e+00
-8.012347052839611239e-01
-1.074112739149186257e+00
1.031310256294199812e+00
-3.029983751375867396e+00
-8.659215104796777474e-02
1.343083240576495641e+00
-2.801468452162402922e+00
-9.073905715959476037e-01
9.317077253698040629e-01
-1.058005481100045886e+00
-1.821739381377916578e+00
-9.120611087757920510e-01
1.256805007407013342e-01
-8.581339867184516468e-01
5.477141996048868755e-01
5.617946993927020599e-02
-1.077607919283693594e+00
5.047794931833842202e-01
-8.529035420550284963e-01
4.085222358365994566e+00
-1.941007446811584325e+00
1.716718632528271282e+00
-6.546678661671303523e+00
1.500330982344860731e+00
-2.326211865053320893e-01
-4.427116884959464427e-01
1.260447237769578122e+00
-7.621420865619125129e-01
-8.424448093568481788e-01
1.146691060324845912e+00
1.263277881015333781e+00
1.136889731630429834e+00
-2.200986265330643565e+00
-2.422025861859031348e+00
-4.964546947216554873e-01
-1.540479310282563130e-01
-5.722706744488836428e+00
5.255817245881991839e-01
1.703846154347055553e+00
-2.352978852052491465e+00
-3.485236129523054505e+00
-2.302505561020021796e-01
1.455694320787282559e+00
3.007854027363607852e+00
-2.065782372809098488e-01
-1.917202316734488265e+00
-9.508112656597687007e-01
1.778135310994842566e+00
-1.261462430751008279e+00
-5.527494898950058300e-01
-1.106077527129150750e+00
-1.477170260051456019e+00
-7.802313120486779052e-01
2.588329467174546483e+00
9.927290670084395474e-01
-1.038370820693506058e+00
-9.319652346802310694e-01
1.612109497084736720e+00
1.100036824241843736e-01
-1.422326200376579086e+00
3.897874179491302993e+00
1.361364254354952008e+00
1.252193193062040466e+00
4.693791909553742814e-01
-8.409519357811950924e-01
-3.174092371221481024e+00
4.185240230767700353e+00
1.122775390513989224e-01
-2.615550822668583297e+00
-2.418790601424034015e-01
1.763162697545238355e+00
3.051137634358299100e-01
3.370367628878343957e+00
2.293418591352314628e+00
1.325982283660631200e+00
7.361667846349567723e-01
2.787536631985373936e-01
-2.801464036881004649e+00
-6.982677344920602824e-02
-1.044259236463514151e+00
8.643968685456924206e-01
1.489446909096375560e+00
3.788514960344346427e+00
-2.364353142356307558e+00
-4.490826931287126844e-01
3.020445337146614673e+00
-3.787743211538454613e-01
-2.924364959047193180e-01
1.415196527295030648e-01
4.183731308066430898e+00
-2.753773352420974430e+00
7.267875300316977150e-01
1.801608837981138356e+00
-3.484611432465806846e+00
6.693394249352198067e-01
3.817537829408499395e+00
-4.849263439515151930e+00
-2.960617633330318021e+00
3.864218363055787475e-01
9.508778603405390051e-01
5.102400084810477798e-01
-5.031549311105082189e+00
-9.856507330637851449e-01
2.832677445642661329e+00
-1.744990995355811814e+00
-4.656775955057193550e-01
3.972087632213811559e-01
-5.415563789163242436e-01
2.063572578577744121e+00
1.549072349192378351e+00
-3.907235746989044523e-01
2.248730527827591974e+00
1.296720009467005941e+00
4.874931514821373435e-01
-2.147023015873109841e+00
2.440397091814362263e+00
1.570695270983469560e-01
1.590893460079033372e-01
1.799274239498183103e-02
-6.563854898558981743e-01
-2.204158309498672530e+00
1.961078755021079534e+00
-6.163945778774378992e-01
-2.315304067364587493e+00
1.943836027196513605e+00
1.937100893838483495e+00
1.017941387704935086e-01
1.041998891353743462e+00
2.100459005171564641e-01
-2.830727040618076895e+00
-1.014364961108443097e+00
2.929529517572294850e+00
-9.056698863921085474e-01
4.712953790716491120e+00
1.541069717871642375e+00
-6.230998612596567732e-01
5.949327637115471301e-01
-3.014164154705448961e+00
-3.232196271835393375e+00
-1.081236547113066833e-02
-2.261429988358480969e+00
-1.147603641942551711e+00
-2.036827327067853854e+00
-4.699868131562378260e+00
4.157634979293196587e+00
-2.129963848313819241e+00
-1.080342142496927060e+00
-2.724959358581026780e+00
1.278741355931604540e+00
3.746626527058000367e+00
-1.907769075385672641e+00
-2.282498577763960590e+00
1.626155025366246898e+00
-1.605856912941841186e+00
3.079166160582121892e-01
-2.022614427943611126e+00
-9.013569434512505585e-02
6.518280396875438809e-01
-8.433820002135153926e-01
1.443179957416989234e+00
-6.629228130084854342e-01
5.548546409229901943e-01
-4.162647492190111542e+00
6.381640397499329431e+00
-3.524982352850061784e-01
-9.437137494731709930e-01
9.565820287064777383e-02
6.777173651197475612e-01
2.111194957036257147e+00
-1.671664888570726148e+00
-1.227268474523647512e+00
-4.919444041215844110e-01
-1.200713595656531574e+00
3.564746273042858959e+00
4.202631160559699985e+00
-1.130386797454150827e+00
3.233029352076478347e+00
1.711786183940515294e+00
-1.446809973937811300e+00
-1.874612234366989538e+00
-3.702574486311875024e+00
-8.052682073223434989e-01
-1.612573625958776125e-01
1.169302345608289828e+00
-3.217146256111889646e-01
-2.807857032972517874e+00
1.322909030566142174e+00
-3.030075161258132810e-01
5.868426420651430275e-01
-4.461647662938212355e-01
-1.805418360881265949e+00
3.125506389955746922e+00
-1.486097565577013668e+00
1.033295444322173573e+00
-1.117694619132564293e-01
1.776848423780775565e+00
-5.533655532170556751e-02
2.836686370951555514e+00
1.668703939521778645e+00
1.643095194374467827e+00
-3.675359247485539438e+00
3.969194929355573276e+00
-2.216806707285133016e-01
-1.399390929612392087e+00
-1.381322776842499378e+00
-4.008006778841605389e+00
1.543472215564889727e-01
1.303574112386892470e+00
1.395516186952446169e+00
-1.163577229473639063e+00
1.813996390019366967e+00
3.202818189780880509e+00
-3.898400393708127964e-01
-7.637699083304044789e-01
2.215081561670439569e+00
-1.836150266066165493e+00
1.458893211920196054e+00
-2.023381105726165252e+00
1.674397434341087232e+00
7.144763475230490046e-01
-3.336589758620446933e+00
-8.210744264262260783e-01
1.981446185911457825e+00
9.421902718760979401e-01
1.034264960622001572e+00
-8.167954150307138450e-01
-2.051749568513614730e-01
3.285054146182665669e+00
-2.874332993959306304e+00
5.636810631846419506e-01
-2.980445203371093754e-01
6.458082055197598148e-01
-2.422963997948009318e+00
7.290854442943475178e-01
-9.554079464611869854e-01
3.825126484045652919e+00
4.583268354492453511e-01
-2.178578673358388063e+00
-6.474680654127716872e-01
7.651859274836944058e-01
-1.430968407887471150e+00
-1.058087881613260617e+00
-1.746403269159259919e+00
5.394952160238362104e-01
-1.194609350614689314e+00
-1.163584166896530103e+00
-1.205186031523659773e+00
7.831810525595603312e-02
-7.703080611055266314e-01
8.958757534575058357e-02
5.853923148388803455e+00
-4.581523487828931263e-01
7.528252140524543945e-01
9.896573071989274162e-01
-3.830844797750140085e+00
1.122300700544189844e+00
-1.419930188874876764e+00
2.215638442206339320e+00
-1.008914242938984795e+00
1.452960816812909561e+00
-2.939669982797838421e-01
-1.016070922185616787e+00
-1.957698237075389813e-01
-2.834421459068449334e+00
-1.615076709990169723e+00
-9.579638882525701726e-01
1.156604753219226733e+00
-6.177226636206791799e-01
3.468998387087875557e+00
8.673502827910163360e-01
-1.008062525496222106e+00
2.323725486517792760e+00
-1.733230785151029352e+00
1.782397124875684469e+00
-1.052122560245971616e-01
4.324041949697623455e-01
-2.538917152440697045e+00
3.069897148870820214e+00
6.684358036489905334e-03
-2.172718183044796803e+00
-1.385529302852189115e+00
1.309674100596682322e+00
-7.748789937855116161e-01
2.480906739368191616e+00
1.980274314386170298e+00
-1.191568353969845173e+00
1.416309309967589414e+00
-6.080150160614653743e+00
2.410343657521228700e+00
-1.196257409557892615e+00
3.354728332520588996e-01
-1.344988934964805205e+00
3.059446054313831320e-01
1.242258420843737277e+00
-2.323832514321485299e+00
-1.686382399192570825e+00
3.166652526212952456e-01
-2.843068173283500144e+00
-1.248332148942932207e+00
-3.574633190816760564e-01
-5.795717250611224225e-01
8.033848698182519676e-01
7.113542491231186413e-03
-1.161159778083628691e+00
-4.764393918584691079e+00
5.914182491635410210e-01
-8.243767468459111125e-01
1.973735478442995461e+00
1.437227689625556026e+00
1.408281384311871776e+00
-9.185511265620749377e-01
-2.260302068527945796e+00
-4.302377475778749627e+00
-2.362871952381771834e+00
-1.859351162502109300e+00
-1.255394928493492657e+00
-3.279792319962145264e+00
-1.641263129557791522e+00
1.536351221747681128e+00
3.707913386026064018e+00
-1.640963403315653935e+00
-4.869745316453687467e-01
7.756141061064132369e-01
-2.735320749135284335e-01
2.612108390242262157e+00
-8.550552014289988789e-02
-1.212132746237573749e-01
6.694615188023177454e-01
-5.084787312309719809e-01
4.275828929239336995e-01
-1.868968377432258798e-01
1.452028986801625621e+00
3.899435585846683150e+00
2.269368104146528287e-01
2.310756332971937610e+00
-2.499834605642459878e-02
7.168154974686764824e-03
8.529187325138642972e-01
3.495404758667895739e-02
1.734523413208772791e+00
3.430653401751741494e-01
1.188806203422376750e+00
-9.411524882124355784e-02
-4.977039167519032858e+00
-5.654483574187429973e-01
6.323791179255097150e-01
-8.177892252600503786e-01
-2.558069638906565135e+00
-2.018557692989295216e+00
-2.151971737901333670e-01
1.399244248503321630e+00
9.823319164206092413e-01
2.510206568718265085e+00
3.446415567396616253e-01
-1.308807095366967932e+00
2.505216187415983065e+00
-2.302362384616830404e+00
-7.669771061127810263e-01
-8.331907099922014615e-01
1.734936662091354428e-02
4.430941330388849519e-01
-2.084300290361953856e+00
-2.222397779449972965e+00
6.632140768967477173e-01
-2.349436820379226631e+00
-5.563185594228190478e-01
-1.338406198172543915e+00
2.652294793263920702e-01
1.546495436373833965e-01
8.285183967496009272e-01
-9.909756562307558969e-01
1.953614914608151343e-01
1.551083299289470085e+00
7.079994818943421420e-01
-2.485193082727164438e+00
-1.613770253298650426e+00
2.849660910945567061e+00
-2.002529025187405942e+00
1.170361751176726584e+00
-2.436788879455184187e+00
4.094367252385458511e-01
4.684483739282010006e+00
-1.116157163344854819e+00
2.080109714350004690e+00
5.537244396828926440e+00
3.743876290192538647e+00
1.175241802446035155e+00
-4.392749025545410468e-01
2.846163160862758001e+00
-6.661932541017840936e-01
1.410429287266713905e+00
2.395412156559151295e-02
8.961118520621282890e-01
5.484669444312643805e+00
-1.018978629453323737e-01
-1.968294210454214932e+00
3.239507967714414516e+00
4.048397068523637010e+00
-1.144950761949105056e+00
8.581373709152002593e-01
-4.550529914273929499e+00
2.142463334125370711e+00
4.438738277475718363e-01
2.131804065925198000e+00
-9.931052504964348326e-01
-9.731093188738101363e-01
-1.814208966942234991e+00
3.418252948707810046e-01
6.317213136009637964e+00
6.175527256198991566e-01
5.393192250923117825e-01
-6.904511418001458845e-01
1.431441441655439517e+00
-7.021354379532503964e-01
-3.191500003353684445e+00
1.049609655531340113e+00
7.561128707393043324e-01
-1.794474107857019218e+00
4.387018708089055252e+00
-6.924423572592386389e-01
9.414064657643534950e-01
-6.192366878197397284e-01
-3.861822960082275658e-01
-3.175411216238586132e+00
-1.775661502272464221e+00
-1.818745182392226489e+00
-1.406739427247427843e+00
1.582605072102220900e+00
2.242409129066467610e+00
-2.463591089796769440e-01
6.117552318377557086e-01
-1.070333726674071118e+00
-2.362046877161777747e+00
-2.671432212498928926e+00
2.635061061812563388e+00
-2.315298864776412557e+00
-8.855527146374141401e-01
4.238090841282431853e+00
4.314476131305418960e+00
-5.534210758963430399e-01
-3.728793177238610701e-01
1.142206814439530316e+00
2.653803475852940519e+00
2.581781722418956093e+00
2.109333700297883141e+00
1.537423712657088215e+00
3.468918819636627737e-01
2.624946275394464124e+00
7.085115391810494767e-01
2.701639212782465993e+00
-3.923219005209825028e+00
6.988816562063123738e-01
2.206149273986364179e-01
-2.633558506250456954e+00
1.067033518769044953e+00
-3.869316022559176060e-01
-2.143557738403945478e+00
1.409563148325451376e+00
-3.095609712080476417e+00
-1.398905521992566348e+00
-9.762809350693948396e-01
-7.163253297248916018e-01
5.135039610127594134e-01
-8.338681951988322627e-01
5.096338406088060102e-01
3.145403291542340884e+00
-4.992622146744311706e+00
-1.577147264896862744e+00
-3.387927570382081033e+00
-2.207459747743679035e+00
1.809620156069586372e+00
-1.532273141222201707e+00
-4.815309474095831876e-01
-1.005721933499328813e+00
-1.858339611302569194e+00
5.556383230665422612e-01
-2.253175409759268888e+00
-3.983047239169474452e+00
-5.389680734924978900e+00
-2.889933447495787622e+00
1.146066267548498274e+00
3.353225698971925794e+00
-1.101734764750456730e+00
1.147421784791577304e+00
1.866579068367557159e+00
-1.111457933209265558e+00
-2.132952920160253729e+00
-5.822708999718074763e-01
-2.198282135737568144e+00
2.248030252014121821e-01
-2.799104262911522589e+00
5.259069432160726087e+00
-9.082259863040699210e-01
9.462037222919590373e-01
-3.272230396782325634e+00
1.348872174836115434e-01
2.291617747324782073e+00
1.317398061783009000e+00
1.004210073074483178e+00
1.047708225911062607e+00
2.072365058381061331e+00
-1.718731289809452445e+00
4.499381221238953898e-01
-1.280189822707358926e+00
6.952094852092931543e-01
8.157136678680321218e-01
2.708147389875713351e+00
1.202224808083359298e+00
-1.313569266014719350e+00
-3.303084442360838535e-01
-4.652248767414775554e-01
-1.693159946929521320e+00
-2.146704961159500602e+00
-7.630892055437233923e-01
9.436751321731188247e-01
-2.854263364388420321e+00
1.648876062400231324e-01
1.860061046367508103e-02
9.913876067425023697e-01
-1.606701843126654206e+00
-5.018071072374103991e-01
1.622298390735597673e+00
-2.985151790372156388e-01
1.224130184332950622e+00
-5.589055508269535899e-01
-2.226393095736498851e-01
9.035877947290702483e-01
-1.211453712263122595e+00
-1.483708476160659817e+00
2.913299289067931230e+00
1.913681218496267267e+00
7.157576017808042756e-01
3.744985652645253099e-02
-1.274991508153864084e+00
2.010361977253507515e+00
3.109165606628883527e+00
-1.142908843164148536e+00
1.648809509948581331e+00
1.188736656479568943e+00
-3.134719385390246638e-01
3.821879334278859286e-01
1.113075832214039051e+00
1.531205103596406492e+00
3.566426332448058290e-01
1.770875307249045516e+00
3.655436282078389776e-01
-1.855093160221805482e+00
-5.742028993072237908e-01
2.559573255683178949e+00
2.994012743266096788e+00
2.214486050759204794e+00
7.391301514325918642e-01
4.482564889852771017e+00
-2.817322980443762948e+00
2.049495667369147345e+00
-4.449050632684580009e+00
1.745145314802118319e+00
-2.742829998322177776e+00
3.711851717025638209e+00
1.304670040754109805e-01
5.145614601094731372e-02
-1.774901402575786324e+00
2.204095400138640637e-01
4.669139572307608788e+00
-1.366059042766458287e+00
3.501904901507304047e+00
-1.553298778746646347e+00
-2.286705359220348122e+00
3.112911051211019409e+00
-3.219663615632531783e+00
-3.379698692541297955e+00
1.638489040794431251e+00
-9.455920044246852729e-01
8.007547682506535036e-01
-4.172937811926870078e-01
1.290872639476297268e+00
2.631120277634903193e+00
-1.108533421954963849e+00
7.135237803992704464e-01
-1.201749375989390689e+00
-1.829754748210975501e-01
-2.751638122933464103e+00
2.366277876764761423e+00
3.691738518299087501e-01
-1.514359677692526995e+00
2.734030560626265149e+00
5.814446839607761985e-01
-2.787841572681251101e-01
1.575614520995920476e+00
-1.263429254899676391e+00
-2.789261090993719439e+00
-2.063610275856670562e+00
1.387033896067604744e+00
1.423060513435667307e+00
-6.697514343535228010e-01
-4.590949195752073386e+00
-1.791306813331450698e+00
1.388020642818998063e+00
-5.331165853981361114e-01
-1.093468216026434847e+00
-8.575361968532120571e-02
-5.793699712780861155e+00
-2.557521923853439461e+00
-4.471956564388289146e-01
3.241879268757621446e+00
1.086893696619160465e+00
-1.401189260097135125e-01
-1.348846921892123074e+00
3.590131043022077861e-01
-1.218241246405728617e+00
-1.577011790699515137e-01
-1.710508619467920877e+00
3.239668290652080174e+00
-1.815700887582274436e+00
-1.774626043831455613e+00
-1.282042760624253486e+00
-1.708578343044950154e+00
1.063746153879311596e+00
1.351358198767549368e+00
1.190759429132565606e+00
-8.580141150514221104e-01
4.609601123723956917e+00
4.226491388910989855e+00
2.301912306080600601e+00
2.145178551583604598e+00
-2.921919314182129135e+00
-1.912306958350582731e+00
-3.058216390743006552e-01
-1.609807717234740254e+00
-2.183731581529240628e+00
-3.748271287015564557e+00
-3.128732218295195544e+00
2.281849535910056570e-01
2.836202443559953656e-01
-3.924364852475488163e-01
-3.129874560974628572e+00
2.072042145039182603e+00
-8.667742047448955267e-01
-1.898899178239213503e+00
7.418312592340458034e-01
-8.527570901193279873e-01
4.250815815756979754e-01
-2.017822658711310169e+00
-2.181517899226175228e+00
2.952657018957577595e+00
-2.989289640381408431e-01
2.072830035904296153e+00
3.265935128735817372e+00
-3.771354872244488732e+00
-2.164598698295554957e+00
4.003304868965596341e+00
-2.927850518230166732e-01
-2.246132477291294283e+00
-1.006584578890108883e+00
-2.642426748641584222e-01
3.398999252847021868e+00
-8.545277563624412709e-01
-1.204486595734633791e+00
2.341707760012673667e+00
-3.988948484233652891e+00
-2.194609908077753690e+00
9.702101355410794326e-02
2.409395996105952786e+00
1.611167653574383518e+00
-3.676269887680710280e+00
1.482282172373695861e+00
1.800666101849171641e+00
2.853723780001406474e-01
-1.096349522461634418e+00
3.389850337076663611e-01
3.157287606552514059e-01
1.052843382936246575e-01
6.511012615586769803e-01
-6.336116185704474546e-01
-7.941498840469688458e-01
2.789947269097527549e+00
-4.477310564046191321e-01
-1.115730358822615731e+00
-1.119963040755816763e+00
1.093829050621213606e+00
4.315523588623070284e-01
-1.930768639157927957e+00
-3.059034427294470504e+00
3.676271037453369139e-01
-8.104207166473215151e-01
-3.178363148926624859e+00
-1.669594958982836497e+00
-7.737526194023758297e-01
6.316131207958516902e-02
-2.052541091193449407e+00
1.726516270040795664e+00
3.733967030653466690e-01
-1.500852510689844044e-01
-1.719881950691041439e+00
-1.879762506965615199e+00
4.744820284125434107e+00
2.130297174679176120e+00
-6.263399006425233173e-01
2.888330316530546837e-01
-1.690014011104673086e+00
6.668906173361777157e-01
-3.157748328987199926e+00
4.553355810855555519e-01
-7.634317352400556977e-01
-5.286628120846834644e-01
-1.629103281877548381e+00
2.321091613967531053e+00
3.881486877187765305e-01
3.255702465197887197e+00
7.216328834134104475e-02
-2.399385541217742279e+00
-4.771638689176931791e+00
-5.389773381205895220e+00
-1.057148407910547760e+00
2.289811745537130516e+00
1.536207021746888834e+00
-4.477259951539521055e+00
-2.192436211768274301e+00
-1.360885605347697869e+00
3.164535781730482000e-01
-9.798350732680972952e-02
4.025558645828692383e-01
-2.054698004181616966e+00
-2.146326292720058149e+00
3.824541989311811996e+00
-4.112193537571261492e-01
7.816591291915815365e-01
1.487225478331145601e+00
-3.251256692264174131e+00
1.566673531701241240e+00
-1.350384497111306870e-01
-8.190066170122762834e-01
8.611109211382919071e-01
1.143296995110546055e+00
2.229287233210433428e+00
-3.670687192657194231e+00
2.629939822752227929e+00
-1.528558950730218635e+00
-1.928706355132972394e+00
-4.423537124736953152e-01
-6.961963066617015139e-01
-3.394415586299087462e+00
1.111790201635667330e+00
-8.914140094475525578e-01
1.385642012580906579e+00
4.196025265622377320e-01
-3.279081081016321342e+00
5.040140596068026779e-01
-3.951223067677623213e+00
-4.812081296052045154e+00
4.642783615025492416e+00
4.716306513622857133e-01
-3.605197300151796180e-01
-8.291306530053387247e-01
-9.063358378456201070e-01
9.564076929235136859e-01
2.730067131683410864e+00
-3.950003449427984953e-02
2.368789779567285425e+00
1.046372237185656306e+00
-2.176174981281485898e+00
-1.552553860707306388e+00
9.021596674290552897e-01
-1.753556567969192459e+00
-1.620828741453584243e+00
3.869256633099644183e-01
-1.865359254621126395e+00
8.190337761757058299e-01
1.126902648543823826e+00
-1.109550411059405217e+00
7.646763012503066115e-01
1.054412990574730813e+00
-1.971271528644863991e-01
1.208620896697651492e+00
2.392376290239198067e+00
-3.457108973509876115e+00
6.528156557174457086e-01
6.107290958400843905e-01
1.927785429978588594e+00
4.229150174538441886e-01
2.425966901255044716e-01
-6.350985320338891071e-01
-3.987884456530889077e-01
-1.311563154277060272e+00
-1.740248738312711652e+00
-1.023943783377491812e+00
-1.691844911717648614e+00
1.658827740894528224e+00
-1.325089152876312681e+00
8.645792818638914357e-01
1.809316582529719053e+00
2.832112515410003972e+00
-2.148818669536954662e+00
4.802241866745192711e-01
-1.033145180891313908e+00
2.699838621371597469e+00
-9.284469676183114695e-01
-7.991584933568814941e-01
2.265638755973875818e-01
-1.823478850340657820e+00
-1.226646657850569921e+00
3.435537801059489027e+00
-1.107686066498247968e+00
2.652018316083688543e+00
1.261066642549559524e-01
5.070544955021643041e-01
-6.352258326829740565e-01
3.362977837869117970e+00
8.408681658573642359e-01
-4.319224936958172834e-02
1.898735762402634641e+00
2.602387687415426587e+00
4.139390638397127731e+00
2.716100830100079411e-01
1.364627050510393902e+00
-3.951569750522231583e+00
-3.471611651951416189e-01
1.932379965584054782e+00
2.578475529394695265e+00
-9.165191023470379283e-01
-3.271533141828983471e+00
-2.319489258478390159e+00
-9.832637396274359620e-01
2.214514780638330738e+00
-3.607300584188000592e+00
7.151010253964821262e-01
1.191078484216077538e+00
-2.156444917183717447e+00
-5.884857126184254161e-01
-5.494926027000859303e-01
-2.586464984310909543e+00
-1.074894220671283485e+00
4.836768444297505631e-01
-2.833826706006457918e+00
-9.332285526396670861e-01
1.940655041262522723e-02
-1.239901054671559866e+00
5.354775240227916955e-01
7.130648285618595983e-01
-1.631761161167393448e+00
-5.456645851799022395e-01
2.086394766951090926e-02
7.230239531974828049e-01
-1.457466709648752023e-01
-3.419626238238299143e-01
2.696337734229164451e-01
5.431038696567438429e-01
5.904496221756738716e-01
-4.614796415346069658e-01
-2.767981729665021651e-01
5.166316333702896113e-01
-1.348799061279865263e+00
-2.624135468026743467e+00
-3.910118085174754676e-01
-1.554894650187562011e+00
-6.735464842932976925e-02
4.673868651589623724e+00
2.301095976225435713e+00
6.183333678465137151e-01
3.123782882664176253e+00
-3.264225632981511138e-01
-7.380106377881697766e-01
1.925803764354469205e+00
9.617174725239293620e-01
-6.878054125924492057e-01
1.309485110660901785e+00
-5.444496726743761617e-01
2.343097822553542375e+00
6.012208562660446010e-01
-6.825417548509398191e-01
-2.972856886400220500e+00
2.117405814314738677e-01
2.256695077066709576e+00
-1.621167334529002746e+00
-3.381505689707176021e-02
-1.232065082646077947e+00
-4.245532912202866771e-01
1.297922055889535464e-01
-1.009550229907798302e+00
2.291549432413519050e+00
-1.500019128388675904e+00
-5.697793773947135154e-02
2.836656632431428515e-01
1.712990690852560283e+00
9.885629127904944635e-01
-1.990615664688645259e+00
-1.475172796514307105e+00
-2.872752896360591390e-01
7.279281071186660679e-02
1.839639915897453015e+00
9.533549905772474853e-01
4.037110736037162195e-01
-2.446150204345563850e+00
2.470300930600082823e-01
-1.564355306183906391e+00
3.590986816747287147e+00
1.339843961763764968e+00
-1.993253542935649714e+00
-1.474632118726848518e-01
-1.046435795512010714e+00
-1.584387476391234673e+00
2.304919237133252974e+00
-4.432462706691675081e+00
-2.640964074167173603e+00
1.382857111160814334e+00
-1.456029316252455408e-01
-3.765736466425638973e+00
1.240776366104971107e+00
-2.335463619320732043e-01
-2.059523571075862203e-01
6.248074354472621383e-01
-6.051417422425927617e-01
-2.284426178844505273e+00
-8.303344262447568402e-01
1.609949329191099121e+00
1.625754785575862060e+00
3.516481891881499511e+00
-5.328831542646673469e+00
-5.657149049211085412e-01
-2.825831825167480008e-02
1.457507079496110247e+00
-1.611197782981015347e+00
-4.486761132069524649e+00
2.337672266839455615e-01
-8.581082479461681345e-01
-2.531266972139458726e+00
-7.569629651995526398e-01
-5.630375935557546674e-01
1.537051954169337264e+00
1.886417254321864911e+00
2.063981518933097448e+00
-1.073323950846307939e+00
9.438525381405704628e-01
1.400147314891356576e+00
-2.426924393129143542e+00
1.749811104636827874e+00
-4.399670059844284609e+00
2.022864691419206995e+00
-7.399565932757644626e-01
2.403576042449124817e+00
4.045522472658915625e+00
-3.086586493464486214e+00
1.442755590253934406e+00
4.340266471037696583e+00
-3.758053231006466266e+00
1.187041909263833878e-01
-1.123839212649057284e+00
-1.010761672318335247e+00
-2.568416236366043992e-01
1.883682479679159860e-01
2.686453180645526420e-02
-1.842535223576773573e+00
-1.861811607045924966e+00
-2.511666536156975660e-01
1.599376305599918169e+00
1.722319322473967018e+00
-1.393757126403023239e-01
-2.524324778129021229e+00
1.061826272487071066e+00
-5.678042506255717159e-01
8.834343286927508476e-01
-1.109928085226322275e-01
-2.664743016635374939e+00
-3.279275016158618161e+00
1.176077285104834003e-01
-1.201273719528973771e+00
-1.687662631891626130e+00
-2.042401908553817869e+00
-2.487750900215129346e-01
-1.762951020541841496e+00
-2.526339851278141868e+00
2.657615977912799909e+00
1.261333156395614274e+00
-5.150688753944401288e-01
-3.925349875834643232e+00
-9.528175750202634298e-01
-3.047008823250259013e+00
2.653510442816348291e+00
-3.033958600513137593e+00
4.074125022241304461e-01
-5.439226524344560332e-01
-1.888308560583445095e+00
1.540806131886769403e+00
-9.398972067697567434e-01
